GA Parameters:
{
    "crossover": {
        "type": "none",
        "rate": 0.09354246209561412
    },
    "mutation": {
        "type": "bit_flip",
        "rate": 0.19760970524612953
    },
    "selection": {
        "type": "tournament",
        "size": 6
    },
    "distance": "perfect_match",
    "case_study": "number_divided_by_two",
    "CA_size": 10,
    "population_size": 8,
    "input_locations": "evenly_distributed",
    "input_order": "random",
    "input_percentage": 0.5951516450186499,
    "steps": 23,
    "sort_rules": "random",
    "chromosome_evol": "no",
    "input_loc_evol": "no",
    "output_loc_evol": "no"
}

Mean Fitness Training:
0.984375 1.0 1.0 1.0 1.0 1.0 1.0 1.0 1.0 1.0 1.0 1.0 1.0 1.0 1.0 1.0 1.0 1.0 1.0 1.0 1.0 1.0 1.0 1.0 1.0 1.0 1.0 1.0 1.0 1.0 1.0 1.0 1.0 1.0 1.0 1.0 1.0 1.0

Mean Fitness Control:
0.96875 0.96875 0.96875 0.96875 0.96875 0.96875 0.96875 0.96875 0.96875 0.96875 0.96875 0.96875 0.96875 0.96875 0.96875 0.96875 0.96875 0.96875 0.96875 0.96875 0.96875 0.96875 0.96875 0.96875 0.96875 0.96875 0.96875 0.96875 0.96875 0.96875 0.96875 0.96875 0.96875 0.96875 0.96875 0.96875 0.96875 0.96875

Best Fitness Training:
1.0 1.0 1.0 1.0 1.0 1.0 1.0 1.0 1.0 1.0 1.0 1.0 1.0 1.0 1.0 1.0 1.0 1.0 1.0 1.0 1.0 1.0 1.0 1.0 1.0 1.0 1.0 1.0 1.0 1.0 1.0 1.0 1.0 1.0 1.0 1.0 1.0 1.0

Best Fitness Control:
1.0 1.0 1.0 1.0 1.0 1.0 1.0 1.0 1.0 1.0 1.0 1.0 1.0 1.0 1.0 1.0 1.0 1.0 1.0 1.0 0.96875 0.96875 0.96875 0.96875 0.96875 0.96875 0.96875 0.96875 0.96875 0.96875 0.96875 0.96875 0.96875 0.96875 0.96875 0.96875 0.96875 0.96875
