Best chromosomes:
{'chromosome': array([  2, 193, 162,   2, 212, 162, 193, 193, 193, 193, 162,   2, 212,
       232, 193, 232, 150, 212, 162, 162,   2, 212, 162, 212, 193]), 'input_locations': [5, 9, 12, 16, 19, 20], 'output_locations': [5, 9, 12, 16, 19, 20]}{'chromosome': array([193, 193, 193,   2, 150, 232,   2, 192, 212,   6, 193,   2, 232,
       212, 162, 212, 150, 162, 212, 212,   2,   3, 201, 193,   2]), 'input_locations': [12, 10, 1, 17, 23, 24], 'output_locations': [12, 10, 1, 17, 23, 24]}
{'chromosome': array([162, 162, 150,   2, 150, 214,   2,   2, 193, 209, 212, 182, 150,
       244, 150, 212,  19, 193, 234,   2, 150, 232, 212, 193,   2]), 'input_locations': [5, 5, 4, 9, 2, 0], 'output_locations': [5, 5, 4, 9, 2, 0]}
{'chromosome': array([193, 182, 134,  22, 212, 232,  10, 150, 226, 193, 252, 214, 134,
       212, 202,  65,   2,   0, 178, 148,  87, 168, 162, 222,  84]), 'input_locations': [24, 22, 10, 11, 17, 1], 'output_locations': [24, 22, 10, 11, 17, 1]}
{'chromosome': array([212, 212, 148, 208, 162, 150, 193,  66, 236,   2, 168,   2, 193,
       212,  65, 162, 232, 144, 212, 162, 162, 150, 248, 166, 162]), 'input_locations': [8, 13, 3, 10, 16, 2], 'output_locations': [8, 13, 3, 10, 16, 2]}
