Best chromosomes:
{'chromosome': array([129, 122, 105, 165, 122, 105, 105, 105, 165, 105, 122, 165, 129,
       122, 129, 129, 105, 165, 105, 122]), 'input_locations': [12, 2, 0, 10, 9, 3, 6, 17, 7, 19, 18, 5, 14, 16], 'output_locations': [12, 2, 0, 10, 9, 3, 6, 17, 7, 19, 18, 5, 14, 16]}{'chromosome': array([161, 122, 122, 165, 122, 129, 129, 129, 129, 129, 105, 131, 122,
       122, 122, 129, 122, 129, 111, 165]), 'input_locations': [8, 12, 0, 6, 18, 9, 5, 16, 1, 13, 3, 7, 2, 11], 'output_locations': [8, 12, 0, 6, 18, 9, 5, 16, 1, 13, 3, 7, 2, 11]}
{'chromosome': array([165, 105, 131, 122, 165, 165, 165, 115, 165, 105, 122, 122, 105,
       165, 105, 109, 105, 105, 129, 165]), 'input_locations': [19, 7, 3, 18, 11, 14, 17, 10, 9, 1, 8, 12, 0, 15], 'output_locations': [19, 7, 3, 18, 11, 14, 17, 10, 9, 1, 8, 12, 0, 15]}
{'chromosome': array([161, 122, 122, 165, 122, 129, 145, 145, 129, 129, 105, 131, 122,
       122, 122, 129, 122, 129, 111, 165]), 'input_locations': [8, 12, 0, 6, 18, 9, 5, 16, 1, 13, 3, 7, 2, 11], 'output_locations': [8, 12, 0, 6, 18, 9, 5, 16, 1, 13, 3, 7, 2, 11]}
{'chromosome': array([161, 122, 122, 165, 122, 129, 145, 145, 129, 129, 105, 131, 122,
       122, 122, 129, 122, 129, 111, 165]), 'input_locations': [8, 12, 0, 6, 18, 9, 5, 16, 1, 13, 3, 7, 2, 11], 'output_locations': [8, 12, 0, 6, 18, 9, 5, 16, 1, 13, 3, 7, 2, 11]}
{'chromosome': array([161, 122, 122, 165, 122, 129, 145, 145, 129, 129, 105,   3, 122,
       122, 122, 129, 122, 129, 111, 165]), 'input_locations': [8, 12, 0, 6, 18, 9, 5, 16, 1, 13, 3, 7, 2, 11], 'output_locations': [8, 12, 0, 6, 18, 9, 5, 16, 1, 13, 3, 7, 2, 11]}
{'chromosome': array([161, 122, 122, 165, 122, 129, 145, 145, 129, 129, 105,   3, 122,
       122, 122, 129, 122, 129, 111, 165]), 'input_locations': [8, 12, 0, 6, 18, 9, 5, 16, 1, 13, 3, 7, 2, 11], 'output_locations': [8, 12, 0, 6, 18, 9, 5, 16, 1, 13, 3, 7, 2, 11]}
{'chromosome': array([161, 122,  90, 165, 122, 129, 145, 145, 129, 129, 105,   3, 122,
       122, 122, 129, 122, 129, 111, 165]), 'input_locations': [8, 12, 0, 6, 18, 9, 5, 16, 1, 13, 3, 7, 2, 11], 'output_locations': [8, 12, 0, 6, 18, 9, 5, 16, 1, 13, 3, 7, 2, 11]}
{'chromosome': array([129, 145,  88, 241, 121, 167, 104, 129, 106,  73, 173, 167, 165,
       121, 155, 105,  84, 173, 153,  35]), 'input_locations': [3, 18, 11, 5, 19, 14, 8, 6, 9, 15, 16, 2, 0, 10], 'output_locations': [3, 18, 11, 5, 19, 14, 8, 6, 9, 15, 16, 2, 0, 10]}
{'chromosome': array([129, 153,  88, 241, 121, 167, 104, 129, 106, 201, 173, 167, 161,
       113, 155, 105,  84,  45, 153,  35]), 'input_locations': [3, 18, 11, 5, 19, 14, 8, 6, 9, 15, 16, 2, 0, 10], 'output_locations': [3, 18, 11, 5, 19, 14, 8, 6, 9, 15, 16, 2, 0, 10]}
{'chromosome': array([129, 153,  88, 177, 121, 167, 104, 129, 104, 201, 173, 167, 161,
        81, 251, 105,  84,  45, 153,  35]), 'input_locations': [3, 18, 11, 5, 19, 14, 8, 6, 9, 15, 16, 2, 0, 10], 'output_locations': [3, 18, 11, 5, 19, 14, 8, 6, 9, 15, 16, 2, 0, 10]}
{'chromosome': array([131, 153,  88, 179, 120, 167, 104, 129, 104, 201, 173, 135, 161,
        83, 235, 105,  84, 173, 217,  35]), 'input_locations': [3, 18, 11, 5, 19, 14, 8, 6, 9, 15, 16, 2, 0, 10], 'output_locations': [3, 18, 11, 5, 19, 14, 8, 6, 9, 15, 16, 2, 0, 10]}
{'chromosome': array([ 36,  40,   1, 250, 157, 167, 229,  55, 165, 105,  56, 114, 105,
       165, 124,  52, 105,  75, 129, 181]), 'input_locations': [19, 7, 3, 18, 11, 14, 17, 10, 9, 1, 8, 12, 0, 15], 'output_locations': [19, 7, 3, 18, 11, 14, 17, 10, 9, 1, 8, 12, 0, 15]}
{'chromosome': array([ 36,  40,   1, 250, 157, 167, 229,  55, 165, 105,  56, 114, 105,
       165, 124,  52, 105,  75, 129, 181]), 'input_locations': [19, 7, 3, 18, 11, 14, 17, 10, 9, 1, 8, 12, 0, 15], 'output_locations': [19, 7, 3, 18, 11, 14, 17, 10, 9, 1, 8, 12, 0, 15]}
{'chromosome': array([ 36,  40,   1, 250, 157, 167, 229,  55, 165, 105,  56, 114, 105,
       165, 124,  52, 105,  75, 129, 181]), 'input_locations': [19, 7, 3, 18, 11, 14, 17, 10, 9, 1, 8, 12, 0, 15], 'output_locations': [19, 7, 3, 18, 11, 14, 17, 10, 9, 1, 8, 12, 0, 15]}
{'chromosome': array([207, 153,  81,  43, 120, 166, 104,   9,  96, 201,  45, 159,  35,
        19, 233, 112,  86, 237, 216,  35]), 'input_locations': [3, 18, 11, 5, 19, 14, 8, 6, 9, 15, 16, 2, 0, 10], 'output_locations': [3, 18, 11, 5, 19, 14, 8, 6, 9, 15, 16, 2, 0, 10]}
{'chromosome': array([143, 155,  65,  40,  56, 166, 105,  41,  64, 201,  47, 159,  35,
        19, 233,  48,  86, 237, 218,  35]), 'input_locations': [3, 18, 11, 5, 19, 14, 8, 6, 9, 15, 16, 2, 0, 10], 'output_locations': [3, 18, 11, 5, 19, 14, 8, 6, 9, 15, 16, 2, 0, 10]}
{'chromosome': array([143, 155,  65,  42,  56, 166,  73,  33,  64, 201,  47, 159,   3,
         1, 225,  52,  84, 239, 222,  34]), 'input_locations': [3, 18, 11, 5, 19, 14, 8, 6, 9, 15, 16, 2, 0, 10], 'output_locations': [3, 18, 11, 5, 19, 14, 8, 6, 9, 15, 16, 2, 0, 10]}
{'chromosome': array([ 47, 155,  97,  46,  58, 166,  73,  37,  64, 201, 127, 158,   3,
         9, 225,  52, 212, 239, 206,  34]), 'input_locations': [3, 18, 11, 5, 19, 14, 8, 6, 9, 15, 16, 2, 0, 10], 'output_locations': [3, 18, 11, 5, 19, 14, 8, 6, 9, 15, 16, 2, 0, 10]}
{'chromosome': array([ 47, 155,  99,  47,  58, 166,  73,  37,  64, 201, 127, 190,   3,
       169, 225,  20, 196, 111, 254,  34]), 'input_locations': [3, 18, 11, 5, 19, 14, 8, 6, 9, 15, 16, 2, 0, 10], 'output_locations': [3, 18, 11, 5, 19, 14, 8, 6, 9, 15, 16, 2, 0, 10]}
{'chromosome': array([ 47, 155,  51,  15,  58, 166,  73,  37, 194, 193, 127, 190,  11,
       169, 229,  21, 196, 111, 255,  34]), 'input_locations': [3, 18, 11, 5, 19, 14, 8, 6, 9, 15, 16, 2, 0, 10], 'output_locations': [3, 18, 11, 5, 19, 14, 8, 6, 9, 15, 16, 2, 0, 10]}
{'chromosome': array([ 46, 155,  51,  75,  58, 166,  73,  37, 202, 193, 127,  62, 139,
       169, 237,  21, 196, 239, 255,  34]), 'input_locations': [3, 18, 11, 5, 19, 14, 8, 6, 9, 15, 16, 2, 0, 10], 'output_locations': [3, 18, 11, 5, 19, 14, 8, 6, 9, 15, 16, 2, 0, 10]}
{'chromosome': array([ 46, 153,  51,  43,  58, 166,  73,  44, 218, 193, 127,  63, 203,
       169, 229,  21, 196, 239, 247,  46]), 'input_locations': [3, 18, 11, 5, 19, 14, 8, 6, 9, 15, 16, 2, 0, 10], 'output_locations': [3, 18, 11, 5, 19, 14, 8, 6, 9, 15, 16, 2, 0, 10]}
{'chromosome': array([174, 153,  51, 187,  58, 230,  73,  44, 218, 193, 127,  53, 207,
       169, 229,  21, 196, 255, 247,  46]), 'input_locations': [3, 18, 11, 5, 19, 14, 8, 6, 9, 15, 16, 2, 0, 10], 'output_locations': [3, 18, 11, 5, 19, 14, 8, 6, 9, 15, 16, 2, 0, 10]}
{'chromosome': array([174, 153,  51, 187,  50, 230,  73,  60, 222, 193, 191, 117, 207,
       169, 101,  21, 197, 247, 255,  46]), 'input_locations': [3, 18, 11, 5, 19, 14, 8, 6, 9, 15, 16, 2, 0, 10], 'output_locations': [3, 18, 11, 5, 19, 14, 8, 6, 9, 15, 16, 2, 0, 10]}
{'chromosome': array([174, 153,  51, 175,  50, 230,  73,  60, 222, 129, 191,  53, 207,
        41, 101,  21, 231, 247, 255, 174]), 'input_locations': [3, 18, 11, 5, 19, 14, 8, 6, 9, 15, 16, 2, 0, 10], 'output_locations': [3, 18, 11, 5, 19, 14, 8, 6, 9, 15, 16, 2, 0, 10]}
{'chromosome': array([174, 153,  19, 175,  18, 230,  25,  60, 222, 129, 191,  53, 207,
        57, 231,  21, 231, 119, 255, 174]), 'input_locations': [3, 18, 11, 5, 19, 14, 8, 6, 9, 15, 16, 2, 0, 10], 'output_locations': [3, 18, 11, 5, 19, 14, 8, 6, 9, 15, 16, 2, 0, 10]}
{'chromosome': array([252, 209,  51, 175,  18, 228,  25,  60, 158, 129, 191,  55, 207,
        57, 231,  21, 231, 119, 254, 174]), 'input_locations': [3, 18, 11, 5, 19, 14, 8, 6, 9, 15, 16, 2, 0, 10], 'output_locations': [3, 18, 11, 5, 19, 14, 8, 6, 9, 15, 16, 2, 0, 10]}
{'chromosome': array([252, 209,  51, 167,  18, 229,  25,  60, 158, 129, 191,  55, 207,
        57, 231,  21, 229, 119, 254, 190]), 'input_locations': [3, 18, 11, 5, 19, 14, 8, 6, 9, 15, 16, 2, 0, 10], 'output_locations': [3, 18, 11, 5, 19, 14, 8, 6, 9, 15, 16, 2, 0, 10]}
{'chromosome': array([248, 209,  55, 167,   2, 245,  25,  52, 158, 129, 191,  39, 207,
        61, 239,  29, 229, 117, 110, 190]), 'input_locations': [3, 18, 11, 5, 19, 14, 8, 6, 9, 15, 16, 2, 0, 10], 'output_locations': [3, 18, 11, 5, 19, 14, 8, 6, 9, 15, 16, 2, 0, 10]}
{'chromosome': array([248, 209,  55, 167,   2, 245,  25,  52, 158, 129, 191, 197, 207,
        61, 239,  93, 229, 125, 110, 190]), 'input_locations': [3, 18, 11, 5, 19, 14, 8, 6, 9, 15, 16, 2, 0, 10], 'output_locations': [3, 18, 11, 5, 19, 14, 8, 6, 9, 15, 16, 2, 0, 10]}
{'chromosome': array([184, 209,  55, 167,  10, 247,  29,  52, 158, 129, 191, 197, 207,
        63, 207,  93, 229, 117, 110, 254]), 'input_locations': [3, 18, 11, 5, 19, 14, 8, 6, 9, 15, 16, 2, 0, 10], 'output_locations': [3, 18, 11, 5, 19, 14, 8, 6, 9, 15, 16, 2, 0, 10]}
{'chromosome': array([184, 241,  63, 175,  10, 227,  25,  52, 155, 129, 191, 197, 207,
       191, 239,  95, 229, 117, 110, 222]), 'input_locations': [3, 18, 11, 5, 19, 14, 8, 6, 9, 15, 16, 2, 0, 10], 'output_locations': [3, 18, 11, 5, 19, 14, 8, 6, 9, 15, 16, 2, 0, 10]}
{'chromosome': array([184, 249,  63, 175,  26, 227,  25,  52, 155, 169, 255, 197, 207,
       191, 239, 207, 229, 117, 110, 223]), 'input_locations': [3, 18, 11, 5, 19, 14, 8, 6, 9, 15, 16, 2, 0, 10], 'output_locations': [3, 18, 11, 5, 19, 14, 8, 6, 9, 15, 16, 2, 0, 10]}
{'chromosome': array([152, 235,  63, 175,  26, 227,  89,  52, 155, 171, 255, 197, 207,
       191, 239, 207, 101, 117, 110, 223]), 'input_locations': [3, 18, 11, 5, 19, 14, 8, 6, 9, 15, 16, 2, 0, 10], 'output_locations': [3, 18, 11, 5, 19, 14, 8, 6, 9, 15, 16, 2, 0, 10]}
{'chromosome': array([184, 225,  63, 175,  90, 227,  25,  52, 155, 187, 254, 197, 207,
       189, 239, 207, 101, 117,  78, 255]), 'input_locations': [3, 18, 11, 5, 19, 14, 8, 6, 9, 15, 16, 2, 0, 10], 'output_locations': [3, 18, 11, 5, 19, 14, 8, 6, 9, 15, 16, 2, 0, 10]}
{'chromosome': array([184, 225,  63, 175,  90, 227,  17,  54, 154, 187, 252, 133, 207,
       189, 239, 207, 101, 117,  15, 247]), 'input_locations': [3, 18, 11, 5, 19, 14, 8, 6, 9, 15, 16, 2, 0, 10], 'output_locations': [3, 18, 11, 5, 19, 14, 8, 6, 9, 15, 16, 2, 0, 10]}
{'chromosome': array([184, 225, 191, 175,  58, 227,  17,  54, 154, 185, 232, 165, 199,
       189, 238, 207,  97, 117,  15, 247]), 'input_locations': [3, 18, 11, 5, 19, 14, 8, 6, 9, 15, 16, 2, 0, 10], 'output_locations': [3, 18, 11, 5, 19, 14, 8, 6, 9, 15, 16, 2, 0, 10]}
{'chromosome': array([184,  97, 191, 175, 179, 227,   1,  20, 154, 153, 232, 165, 199,
       189, 230, 143,  97, 117,  15, 247]), 'input_locations': [3, 18, 11, 5, 19, 14, 8, 6, 9, 15, 16, 2, 0, 10], 'output_locations': [3, 18, 11, 5, 19, 14, 8, 6, 9, 15, 16, 2, 0, 10]}
{'chromosome': array([184,  97, 189, 175, 179, 163,   5,  20, 154, 157, 236, 165, 198,
       189,  70, 143,  97, 117,  15, 247]), 'input_locations': [3, 18, 11, 5, 19, 14, 8, 6, 9, 15, 16, 2, 0, 10], 'output_locations': [3, 18, 11, 5, 19, 14, 8, 6, 9, 15, 16, 2, 0, 10]}
{'chromosome': array([184,  97, 189,  47, 171,  33, 109,  20, 154, 157, 236, 181, 198,
       189,   6, 143,  97, 117,  46, 247]), 'input_locations': [3, 18, 11, 5, 19, 14, 8, 6, 9, 15, 16, 2, 0, 10], 'output_locations': [3, 18, 11, 5, 19, 14, 8, 6, 9, 15, 16, 2, 0, 10]}
{'chromosome': array([190,  97, 253,  47, 171,  33, 109,   4, 154, 159, 236, 181, 192,
       191,   6, 143,  97, 127,  46, 247]), 'input_locations': [3, 18, 11, 5, 19, 14, 8, 6, 9, 15, 16, 2, 0, 10], 'output_locations': [3, 18, 11, 5, 19, 14, 8, 6, 9, 15, 16, 2, 0, 10]}
{'chromosome': array([191,  97, 245,  46, 171,  97, 105,   4, 154, 159, 236, 165, 192,
       191,   7, 159,  97, 119, 175, 243]), 'input_locations': [3, 18, 11, 5, 19, 14, 8, 6, 9, 15, 16, 2, 0, 10], 'output_locations': [3, 18, 11, 5, 19, 14, 8, 6, 9, 15, 16, 2, 0, 10]}
{'chromosome': array([191,  65, 245,  46, 171,  97, 105,  20, 154, 159, 172, 161, 192,
       191,   7, 159,  97, 115, 167, 243]), 'input_locations': [3, 18, 11, 5, 19, 14, 8, 6, 9, 15, 16, 2, 0, 10], 'output_locations': [3, 18, 11, 5, 19, 14, 8, 6, 9, 15, 16, 2, 0, 10]}
{'chromosome': array([127, 113, 245,  38, 171,  97,  97,  20, 154, 159, 172,  57, 192,
       191,   7, 159,  97,  83, 167, 243]), 'input_locations': [3, 18, 11, 5, 19, 14, 8, 6, 9, 15, 16, 2, 0, 10], 'output_locations': [3, 18, 11, 5, 19, 14, 8, 6, 9, 15, 16, 2, 0, 10]}
{'chromosome': array([127, 113, 253,  38, 171, 101, 113,  84, 154, 207,  44,  61, 192,
       191,   6, 158,  97,  83, 167, 114]), 'input_locations': [3, 18, 11, 5, 19, 14, 8, 6, 9, 15, 16, 2, 0, 10], 'output_locations': [3, 18, 11, 5, 19, 14, 8, 6, 9, 15, 16, 2, 0, 10]}
{'chromosome': array([123,  49, 253,  38, 171,  97, 117, 116, 138, 207,  44,  63, 193,
       191,   6, 158,  97,  19, 175, 114]), 'input_locations': [3, 18, 11, 5, 19, 14, 8, 6, 9, 15, 16, 2, 0, 10], 'output_locations': [3, 18, 11, 5, 19, 14, 8, 6, 9, 15, 16, 2, 0, 10]}
{'chromosome': array([123,  49,  93,  38, 190,  97, 117, 244, 142, 207,  37,  59, 193,
       191,   6, 174, 225,  19, 143, 114]), 'input_locations': [3, 18, 11, 5, 19, 14, 8, 6, 9, 15, 16, 2, 0, 10], 'output_locations': [3, 18, 11, 5, 19, 14, 8, 6, 9, 15, 16, 2, 0, 10]}
{'chromosome': array([123,  49, 221,  70, 190,  97, 117, 246, 142, 203,   5,  59,  67,
       191,   6, 166, 161,  19, 143, 114]), 'input_locations': [3, 18, 11, 5, 19, 14, 8, 6, 9, 15, 16, 2, 0, 10], 'output_locations': [3, 18, 11, 5, 19, 14, 8, 6, 9, 15, 16, 2, 0, 10]}
{'chromosome': array([123,  49, 221,  70, 190,  97, 245, 246, 142,  75,   5,  59,  67,
       191,   6, 166, 161,  19, 141, 224]), 'input_locations': [3, 18, 11, 5, 19, 14, 8, 6, 9, 15, 16, 2, 0, 10], 'output_locations': [3, 18, 11, 5, 19, 14, 8, 6, 9, 15, 16, 2, 0, 10]}
{'chromosome': array([121,  49, 221,   6, 190,  97, 245, 242, 142,  75,   5,  59,  83,
       191,   6, 166, 161,  19,  13, 240]), 'input_locations': [3, 18, 11, 5, 19, 14, 8, 6, 9, 15, 16, 2, 0, 10], 'output_locations': [3, 18, 11, 5, 19, 14, 8, 6, 9, 15, 16, 2, 0, 10]}
{'chromosome': array([249,  49, 221,   6,  62,  97, 240, 242, 138,  75,   5,  63,  19,
       190,   6, 166, 160,  19,  77, 192]), 'input_locations': [3, 18, 11, 5, 19, 14, 8, 6, 9, 15, 16, 2, 0, 10], 'output_locations': [3, 18, 11, 5, 19, 14, 8, 6, 9, 15, 16, 2, 0, 10]}
{'chromosome': array([249,  49, 213,   6,  62, 105, 240, 242, 170,  75,   5,  63, 147,
       190,   6, 166, 168,  17,  77, 192]), 'input_locations': [3, 18, 11, 5, 19, 14, 8, 6, 9, 15, 16, 2, 0, 10], 'output_locations': [3, 18, 11, 5, 19, 14, 8, 6, 9, 15, 16, 2, 0, 10]}
{'chromosome': array([249,  49,  85,   6,  62, 105, 240, 242, 168,  75,  13,  63, 147,
       190,   6, 166, 168,  19,  69, 208]), 'input_locations': [3, 18, 11, 5, 19, 14, 8, 6, 9, 15, 16, 2, 0, 10], 'output_locations': [3, 18, 11, 5, 19, 14, 8, 6, 9, 15, 16, 2, 0, 10]}
{'chromosome': array([249,  33,  84, 102,  60, 105, 208, 242, 160,  11,  13,  63, 151,
       174,  22, 166, 248,  19,  69, 210]), 'input_locations': [3, 18, 11, 5, 19, 14, 8, 6, 9, 15, 16, 2, 0, 10], 'output_locations': [3, 18, 11, 5, 19, 14, 8, 6, 9, 15, 16, 2, 0, 10]}
{'chromosome': array([249,  33,  84, 118,  60, 105, 208, 242, 176,  11,  13,  63, 151,
       174,  22,  38, 232,  19,  69, 210]), 'input_locations': [3, 18, 11, 5, 19, 14, 8, 6, 9, 15, 16, 2, 0, 10], 'output_locations': [3, 18, 11, 5, 19, 14, 8, 6, 9, 15, 16, 2, 0, 10]}
{'chromosome': array([121,  40,  84, 119,  60, 105, 208, 243, 240,  11,  13,  63, 151,
       174,   6, 231, 232,  19,  69, 210]), 'input_locations': [3, 18, 11, 5, 19, 14, 8, 6, 9, 15, 16, 2, 0, 10], 'output_locations': [3, 18, 11, 5, 19, 14, 8, 6, 9, 15, 16, 2, 0, 10]}
{'chromosome': array([120,  40,  84, 119,  60, 104, 208, 243, 112,  11,  13,  63, 135,
       172,   6, 227, 232, 147,  69, 208]), 'input_locations': [3, 18, 11, 5, 19, 14, 8, 6, 9, 15, 16, 2, 0, 10], 'output_locations': [3, 18, 11, 5, 19, 14, 8, 6, 9, 15, 16, 2, 0, 10]}
{'chromosome': array([120, 108,  84, 119,  52, 104, 208, 242, 113, 139,  13,  63, 135,
       172,   6, 227, 232, 147,  69, 152]), 'input_locations': [3, 18, 11, 5, 19, 14, 8, 6, 9, 15, 16, 2, 0, 10], 'output_locations': [3, 18, 11, 5, 19, 14, 8, 6, 9, 15, 16, 2, 0, 10]}
{'chromosome': array([120, 108,  84, 119,  20, 104, 208, 240,  81,  11,  12,  63, 135,
       173,   6, 227, 232, 211,  97, 136]), 'input_locations': [3, 18, 11, 5, 19, 14, 8, 6, 9, 15, 16, 2, 0, 10], 'output_locations': [3, 18, 11, 5, 19, 14, 8, 6, 9, 15, 16, 2, 0, 10]}
{'chromosome': array([120, 108,  80, 113,  20, 105, 216, 244,  81,  11,  36,  63, 134,
       165,   6, 227, 232,  67,  97, 136]), 'input_locations': [3, 18, 11, 5, 19, 14, 8, 6, 9, 15, 16, 2, 0, 10], 'output_locations': [3, 18, 11, 5, 19, 14, 8, 6, 9, 15, 16, 2, 0, 10]}
{'chromosome': array([120, 100,  82, 113,  84, 107, 216, 212,  81,  27,  36,  47, 166,
       161,  70, 225, 232,  67,  97, 168]), 'input_locations': [3, 18, 11, 5, 19, 14, 8, 6, 9, 15, 16, 2, 0, 10], 'output_locations': [3, 18, 11, 5, 19, 14, 8, 6, 9, 15, 16, 2, 0, 10]}
{'chromosome': array([122, 100, 208, 113,  84,  75, 216, 214,  81,  27,  36,  47, 166,
       129,  66, 233, 232,  67,  97, 168]), 'input_locations': [3, 18, 11, 5, 19, 14, 8, 6, 9, 15, 16, 2, 0, 10], 'output_locations': [3, 18, 11, 5, 19, 14, 8, 6, 9, 15, 16, 2, 0, 10]}
{'chromosome': array([ 62, 100, 208, 113,  80, 203, 216,  86,  85,  27,  36, 175, 166,
       145,  66, 233, 232,  75, 105, 168]), 'input_locations': [3, 18, 11, 5, 19, 14, 8, 6, 9, 15, 16, 2, 0, 10], 'output_locations': [3, 18, 11, 5, 19, 14, 8, 6, 9, 15, 16, 2, 0, 10]}
{'chromosome': array([ 62, 100, 212, 113, 196, 203, 216,  86,  85, 155,  36, 175, 166,
       145,  66, 233, 232, 107, 105, 168]), 'input_locations': [3, 18, 11, 5, 19, 14, 8, 6, 9, 15, 16, 2, 0, 10], 'output_locations': [3, 18, 11, 5, 19, 14, 8, 6, 9, 15, 16, 2, 0, 10]}
{'chromosome': array([ 60,  36, 212, 113, 196, 218, 216,  82,  69, 155,  36, 175, 166,
       145,  64, 235, 234, 106, 105, 168]), 'input_locations': [3, 18, 11, 5, 19, 14, 8, 6, 9, 15, 16, 2, 0, 10], 'output_locations': [3, 18, 11, 5, 19, 14, 8, 6, 9, 15, 16, 2, 0, 10]}
{'chromosome': array([ 40,  36, 212, 113, 228, 218, 216,  82,   5, 155,  36, 175, 166,
       145,  64, 234, 234,  66, 107, 168]), 'input_locations': [3, 18, 11, 5, 19, 14, 8, 6, 9, 15, 16, 2, 0, 10], 'output_locations': [3, 18, 11, 5, 19, 14, 8, 6, 9, 15, 16, 2, 0, 10]}
{'chromosome': array([ 40,   4, 212, 113, 164, 218, 216,  80,   5, 155,  44, 171, 166,
       145,  64, 234, 234,  66, 107, 172]), 'input_locations': [3, 18, 11, 5, 19, 14, 8, 6, 9, 15, 16, 2, 0, 10], 'output_locations': [3, 18, 11, 5, 19, 14, 8, 6, 9, 15, 16, 2, 0, 10]}
{'chromosome': array([ 40,   4, 212, 113, 164, 218, 216,  80,  37, 155,  44, 171, 162,
       145,  64, 234, 235,  74, 107, 156]), 'input_locations': [3, 18, 11, 5, 19, 14, 8, 6, 9, 15, 16, 2, 0, 10], 'output_locations': [3, 18, 11, 5, 19, 14, 8, 6, 9, 15, 16, 2, 0, 10]}
{'chromosome': array([168,   4, 148, 113, 160, 218,  88,  80,  37, 154,  36, 171, 162,
       129,  64, 234, 235,  75, 107, 156]), 'input_locations': [3, 18, 11, 5, 19, 14, 8, 6, 9, 15, 16, 2, 0, 10], 'output_locations': [3, 18, 11, 5, 19, 14, 8, 6, 9, 15, 16, 2, 0, 10]}
{'chromosome': array([169,   4, 148, 112, 160, 218,  30,  82,  37, 154,  36, 171, 162,
       128,  64, 234, 239,  75, 107, 156]), 'input_locations': [3, 18, 11, 5, 19, 14, 8, 6, 9, 15, 16, 2, 0, 10], 'output_locations': [3, 18, 11, 5, 19, 14, 8, 6, 9, 15, 16, 2, 0, 10]}
{'chromosome': array([169,   4, 148, 120, 224, 218,  30,  66,  37,  26,   4,  47, 179,
       128,  64, 234, 239,  91, 107, 156]), 'input_locations': [3, 18, 11, 5, 19, 14, 8, 6, 9, 15, 16, 2, 0, 10], 'output_locations': [3, 18, 11, 5, 19, 14, 8, 6, 9, 15, 16, 2, 0, 10]}
{'chromosome': array([169,  36, 148, 120, 224, 218,  30,  70, 100,  26,   4,  47, 179,
       128,  64, 234, 191,  26, 107, 156]), 'input_locations': [3, 18, 11, 5, 19, 14, 8, 6, 9, 15, 16, 2, 0, 10], 'output_locations': [3, 18, 11, 5, 19, 14, 8, 6, 9, 15, 16, 2, 0, 10]}
{'chromosome': array([169,  52, 148, 120, 224,  74,  31,  70, 100,  26,   5,  47, 179,
       128,  64, 235, 191,  26, 107, 156]), 'input_locations': [3, 18, 11, 5, 19, 14, 8, 6, 9, 15, 16, 2, 0, 10], 'output_locations': [3, 18, 11, 5, 19, 14, 8, 6, 9, 15, 16, 2, 0, 10]}
{'chromosome': array([169,  20, 148, 126, 225,  74,  95,  70, 100,  58,   5,  47, 183,
       128,  82, 239, 191,  26, 107, 156]), 'input_locations': [3, 18, 11, 5, 19, 14, 8, 6, 9, 15, 16, 2, 0, 10], 'output_locations': [3, 18, 11, 5, 19, 14, 8, 6, 9, 15, 16, 2, 0, 10]}
{'chromosome': array([169,  20, 148, 126, 225,  74,  95, 198, 100,  58,  37,  47, 183,
       128,  82, 231, 159,  26, 123, 188]), 'input_locations': [3, 18, 11, 5, 19, 14, 8, 6, 9, 15, 16, 2, 0, 10], 'output_locations': [3, 18, 11, 5, 19, 14, 8, 6, 9, 15, 16, 2, 0, 10]}
{'chromosome': array([249,  20,  52, 110, 225,  75,  79, 196, 100, 122,  37,  47, 183,
       128,  82, 231, 159,  74, 123, 180]), 'input_locations': [3, 18, 11, 5, 19, 14, 8, 6, 9, 15, 16, 2, 0, 10], 'output_locations': [3, 18, 11, 5, 19, 14, 8, 6, 9, 15, 16, 2, 0, 10]}
{'chromosome': array([249,  21,  20, 110, 225,  11, 143, 236, 160, 242,  37,  47, 183,
       128,  82, 231, 155,  75, 123, 180]), 'input_locations': [3, 18, 11, 5, 19, 14, 8, 6, 9, 15, 16, 2, 0, 10], 'output_locations': [3, 18, 11, 5, 19, 14, 8, 6, 9, 15, 16, 2, 0, 10]}
{'chromosome': array([249,  21,  84, 110, 229,  25, 143, 236, 160, 176,  37,  47, 183,
       128,  86, 231,  91,  67, 123, 180]), 'input_locations': [3, 18, 11, 5, 19, 14, 8, 6, 9, 15, 16, 2, 0, 10], 'output_locations': [3, 18, 11, 5, 19, 14, 8, 6, 9, 15, 16, 2, 0, 10]}
{'chromosome': array([249,   5,  86, 110, 164,  17,  71, 236, 160, 176,  37,  47, 183,
       128,  86, 231,  91,  67, 115, 148]), 'input_locations': [3, 18, 11, 5, 19, 14, 8, 6, 9, 15, 16, 2, 0, 10], 'output_locations': [3, 18, 11, 5, 19, 14, 8, 6, 9, 15, 16, 2, 0, 10]}
{'chromosome': array([249,   5,  86, 106, 166,  17, 103, 238, 144, 176,  37,  47, 183,
       128, 214, 230,  91,  67, 115, 148]), 'input_locations': [3, 18, 11, 5, 19, 14, 8, 6, 9, 15, 16, 2, 0, 10], 'output_locations': [3, 18, 11, 5, 19, 14, 8, 6, 9, 15, 16, 2, 0, 10]}
{'chromosome': array([249,  69,  87, 106,  46,  17, 103, 238,  16, 176,  37,  39,  39,
       130, 214, 230,  83,  67, 115, 148]), 'input_locations': [3, 18, 11, 5, 19, 14, 8, 6, 9, 15, 16, 2, 0, 10], 'output_locations': [3, 18, 11, 5, 19, 14, 8, 6, 9, 15, 16, 2, 0, 10]}
{'chromosome': array([168,  69,  87, 106,  30,  17, 103, 238,   9, 176,  37,  39,  39,
       130, 242, 226,  83,  71, 115, 148]), 'input_locations': [3, 18, 11, 5, 19, 14, 8, 6, 9, 15, 16, 2, 0, 10], 'output_locations': [3, 18, 11, 5, 19, 14, 8, 6, 9, 15, 16, 2, 0, 10]}
{'chromosome': array([172,  69,  83, 106,  30,  17,  99, 238,  89, 184, 165,  39,  39,
       130, 242,  98,  91,  83,  99, 148]), 'input_locations': [3, 18, 11, 5, 19, 14, 8, 6, 9, 15, 16, 2, 0, 10], 'output_locations': [3, 18, 11, 5, 19, 14, 8, 6, 9, 15, 16, 2, 0, 10]}
{'chromosome': array([172,  69,  87,  98,  30,  33,  99, 238,  89, 187, 165,  39,  39,
       130, 242,  98,  91,  83,  99, 148]), 'input_locations': [3, 18, 11, 5, 19, 14, 8, 6, 9, 15, 16, 2, 0, 10], 'output_locations': [3, 18, 11, 5, 19, 14, 8, 6, 9, 15, 16, 2, 0, 10]}
{'chromosome': array([172,  77,  94,  98,  30,  33, 107, 238,  93, 171, 165,   7,  39,
       130, 186, 106,  91,  83,  51, 148]), 'input_locations': [3, 18, 11, 5, 19, 14, 8, 6, 9, 15, 16, 2, 0, 10], 'output_locations': [3, 18, 11, 5, 19, 14, 8, 6, 9, 15, 16, 2, 0, 10]}
{'chromosome': array([140,  71, 126,  98,  30,  35, 123, 238,  93, 171, 165,  39,  55,
       131, 178, 104,  91, 211,  51, 148]), 'input_locations': [3, 18, 11, 5, 19, 14, 8, 6, 9, 15, 16, 2, 0, 10], 'output_locations': [3, 18, 11, 5, 19, 14, 8, 6, 9, 15, 16, 2, 0, 10]}
{'chromosome': array([136,  71,  62,  34,  30,  35, 123, 206,  93, 171, 165,  39,  55,
       131, 182, 120,  83, 147,  51, 148]), 'input_locations': [3, 18, 11, 5, 19, 14, 8, 6, 9, 15, 16, 2, 0, 10], 'output_locations': [3, 18, 11, 5, 19, 14, 8, 6, 9, 15, 16, 2, 0, 10]}
{'chromosome': array([136,  71,  62, 182,  30,  35, 251, 206,  93, 235, 165,  55,  54,
       131, 182, 120,  83, 147,  50, 148]), 'input_locations': [3, 18, 11, 5, 19, 14, 8, 6, 9, 15, 16, 2, 0, 10], 'output_locations': [3, 18, 11, 5, 19, 14, 8, 6, 9, 15, 16, 2, 0, 10]}
{'chromosome': array([136,  71,  14, 182,  14,  35, 251, 206,  93, 106, 165,  55,  54,
       131, 182, 120,  18, 147,  34, 148]), 'input_locations': [3, 18, 11, 5, 19, 14, 8, 6, 9, 15, 16, 2, 0, 10], 'output_locations': [3, 18, 11, 5, 19, 14, 8, 6, 9, 15, 16, 2, 0, 10]}
{'chromosome': array([136,  79,  10, 246,  14,  97, 251, 206,  93,  42, 165,  39,  54,
       131, 159, 120,  18, 211,  34, 180]), 'input_locations': [3, 18, 11, 5, 19, 14, 8, 6, 9, 15, 16, 2, 0, 10], 'output_locations': [3, 18, 11, 5, 19, 14, 8, 6, 9, 15, 16, 2, 0, 10]}
{'chromosome': array([136,  79,  14, 246,  14,  97, 251, 238,  93,  42, 165,  39,  54,
       163, 143, 122,  16, 211,  34, 180]), 'input_locations': [3, 18, 11, 5, 19, 14, 8, 6, 9, 15, 16, 2, 0, 10], 'output_locations': [3, 18, 11, 5, 19, 14, 8, 6, 9, 15, 16, 2, 0, 10]}
{'chromosome': array([136, 199,  14, 246, 142,  97, 251, 238,  93,  42, 165,  37,  54,
       163, 142, 120,  16, 211,  50, 188]), 'input_locations': [3, 18, 11, 5, 19, 14, 8, 6, 9, 15, 16, 2, 0, 10], 'output_locations': [3, 18, 11, 5, 19, 14, 8, 6, 9, 15, 16, 2, 0, 10]}
{'chromosome': array([136, 199, 142, 230, 142,  97, 250, 110,  93,  42, 165,  37,  54,
       163, 206, 120,  16, 211,  19, 189]), 'input_locations': [3, 18, 11, 5, 19, 14, 8, 6, 9, 15, 16, 2, 0, 10], 'output_locations': [3, 18, 11, 5, 19, 14, 8, 6, 9, 15, 16, 2, 0, 10]}
{'chromosome': array([141, 199,  14, 254, 142,  97, 250,  78,  93,  42, 181,  37,  54,
       235, 206, 120,  16, 211, 155, 157]), 'input_locations': [3, 18, 11, 5, 19, 14, 8, 6, 9, 15, 16, 2, 0, 10], 'output_locations': [3, 18, 11, 5, 19, 14, 8, 6, 9, 15, 16, 2, 0, 10]}
{'chromosome': array([141, 198,  14, 246, 142, 225, 250, 206,  93, 106, 181,  39,  52,
       203, 206, 120,  16, 211, 155, 157]), 'input_locations': [3, 18, 11, 5, 19, 14, 8, 6, 9, 15, 16, 2, 0, 10], 'output_locations': [3, 18, 11, 5, 19, 14, 8, 6, 9, 15, 16, 2, 0, 10]}
{'chromosome': array([141, 194,  15, 246, 174, 225, 250, 206,  93, 106, 181, 102,  52,
       203, 206, 120,  88, 211, 159, 157]), 'input_locations': [3, 18, 11, 5, 19, 14, 8, 6, 9, 15, 16, 2, 0, 10], 'output_locations': [3, 18, 11, 5, 19, 14, 8, 6, 9, 15, 16, 2, 0, 10]}
{'chromosome': array([141, 194,   7, 242, 166, 225, 250, 206,  93, 104, 181, 102,  52,
       203, 204, 112,  88, 215, 159, 153]), 'input_locations': [3, 18, 11, 5, 19, 14, 8, 6, 9, 15, 16, 2, 0, 10], 'output_locations': [3, 18, 11, 5, 19, 14, 8, 6, 9, 15, 16, 2, 0, 10]}
{'chromosome': array([141, 194,   7, 242, 166, 233, 254, 222,  89,  40, 181,  98,  52,
       235, 204, 112,  88, 151, 159, 153]), 'input_locations': [3, 18, 11, 5, 19, 14, 8, 6, 9, 15, 16, 2, 0, 10], 'output_locations': [3, 18, 11, 5, 19, 14, 8, 6, 9, 15, 16, 2, 0, 10]}
{'chromosome': array([141, 130,   5, 242, 183, 225, 255, 222,  89,  40, 181,  98,  54,
       235, 204, 112,  88, 151, 223, 153]), 'input_locations': [3, 18, 11, 5, 19, 14, 8, 6, 9, 15, 16, 2, 0, 10], 'output_locations': [3, 18, 11, 5, 19, 14, 8, 6, 9, 15, 16, 2, 0, 10]}
