GA Parameters:
{
    "crossover": {
        "type": "none",
        "rate": 0.43517809723910295
    },
    "mutation": {
        "type": "bit_flip",
        "rate": 0.676354111556002
    },
    "selection": {
        "type": "roulette"
    },
    "distance": "manhattan",
    "case_study": "number_divided_by_two",
    "CA_size": 20,
    "population_size": 14,
    "input_locations": "random",
    "input_order": "random",
    "input_percentage": 0.7073161167868458,
    "steps": 27,
    "sort_rules": "big_average_low_std",
    "chromosome_evol": "yes",
    "input_loc_evol": "no",
    "output_loc_evol": "no"
}

Mean Fitness Training:
0.13273754023754022 0.13182302618016903 0.1338457494886066 0.13100958565244278 0.12959590806019378 0.13337258772973062 0.12913266495409356 0.13456833642547927 0.13404179550608122 0.12360220335220336 0.1320085152942296 0.13523244612530325 0.1297642357642358 0.12970897356611644 0.12831221952650526 0.1466608946608947 0.12965945165945164 0.15153174603174602 0.14454184704184708 0.1382316017316017 0.12941558441558443 0.12580325230325234 0.1438023088023088 0.12693023643023643 0.12799422799422805 0.12649639249639247 0.1249367299367299 0.12467027417027414 0.11841985791985789 0.11676501276501276 0.1293672438672439 0.12903391053391047 0.12227078477078472 0.12385064935064931 0.12172460872460869 0.12724170274170274 0.12416810966810969 0.1264446664446664 0.13290548340548342 0.1259790764790765 0.12462937062937061 0.1314862914862915 0.12594560994560997 0.12747569097569095 0.1270497835497835 0.14284271284271283 0.14228715728715732 0.1389603174603175 0.137531746031746 0.13283477633477633 0.1413499278499279 0.1383037518037518 0.140476911976912 0.14508730158730157 0.14747619047619048 0.13061544011544007 0.1175718725718726 0.12382178932178926 0.11507647907647908 0.11687468087468082 0.11666161616161612 0.11765101565101561 0.11685159285159281 0.13326262626262625 0.12565367965367963 0.12944805194805192 0.12353413253413256 0.12655699855699856 0.1246709956709957 0.12232900432900436 0.12578860028860023 0.13388239538239535 0.13445238095238096 0.13507936507936508 0.12962914862914857 0.11949567099567096 0.12106060606060606 0.12086097236097236 0.12123953823953819 0.11831768231768233 0.11676906426906422 0.12757431457431462 0.1246940836940837 0.1331127761127761 0.12636002886002884 0.12865367965367966 0.13091558441558446 0.13175346875346874 0.14284487734487736 0.12423110223110223 0.14293745143745135 0.13079653679653674 0.13544538794538788 0.12328787878787881 0.1265743145743146 0.12270873570873572 0.13358513708513708 0.12750288600288598 0.12140909090909084 0.11917649017649021

Mean Fitness Control:
0.13247408543837114 0.13247408543837114 0.13247408543837114 0.13247408543837114 0.13247408543837114 0.13247408543837114 0.13247408543837114 0.13247408543837114 0.13247408543837114 0.13247408543837114 0.13247408543837114 0.13247408543837114 0.13247408543837114 0.13247408543837114 0.13247408543837114 0.13247408543837114 0.13247408543837114 0.13247408543837114 0.13247408543837114 0.13247408543837114 0.12858225108225113 0.12858225108225113 0.12858225108225113 0.12858225108225113 0.12858225108225113 0.12858225108225113 0.12858225108225113 0.12858225108225113 0.12858225108225113 0.12858225108225113 0.12858225108225113 0.12858225108225113 0.12858225108225113 0.12858225108225113 0.12858225108225113 0.12858225108225113 0.12858225108225113 0.12858225108225113 0.12858225108225113 0.12858225108225113 0.12242951492951493 0.12242951492951493 0.12242951492951493 0.12242951492951493 0.12242951492951493 0.12242951492951493 0.12242951492951493 0.12242951492951493 0.12242951492951493 0.12242951492951493 0.12242951492951493 0.12242951492951493 0.12242951492951493 0.12242951492951493 0.12242951492951493 0.12242951492951493 0.12242951492951493 0.12242951492951493 0.12242951492951493 0.12242951492951493 0.12793817293817294 0.12793817293817294 0.12793817293817294 0.12793817293817294 0.12793817293817294 0.12793817293817294 0.12793817293817294 0.12793817293817294 0.12793817293817294 0.12793817293817294 0.12793817293817294 0.12793817293817294 0.12793817293817294 0.12793817293817294 0.12793817293817294 0.12793817293817294 0.12793817293817294 0.12793817293817294 0.12793817293817294 0.12793817293817294 0.1205750360750361 0.1205750360750361 0.1205750360750361 0.1205750360750361 0.1205750360750361 0.1205750360750361 0.1205750360750361 0.1205750360750361 0.1205750360750361 0.1205750360750361 0.1205750360750361 0.1205750360750361 0.1205750360750361 0.1205750360750361 0.1205750360750361 0.1205750360750361 0.1205750360750361 0.1205750360750361 0.1205750360750361 0.1205750360750361

Best Fitness Training:
0.15081818181818182 0.13552525252525252 0.13972510822510822 0.14625613275613275 0.14021645021645024 0.14021645021645024 0.1416118326118326 0.1416118326118326 0.14202525252525253 0.12894805194805195 0.13712842712842715 0.14208680208680208 0.13286480186480187 0.1313111888111888 0.1313111888111888 0.14666089466089466 0.12965945165945167 0.15153174603174602 0.14454184704184705 0.13823160173160173 0.12941558441558443 0.12580325230325232 0.1438023088023088 0.1269302364302364 0.127994227994228 0.1264963924963925 0.12493672993672991 0.12467027417027417 0.1184198579198579 0.11676501276501274 0.12936724386724385 0.1290339105339105 0.12227078477078475 0.12385064935064934 0.12172460872460872 0.12724170274170274 0.12416810966810965 0.12644466644466645 0.1329054834054834 0.1259790764790765 0.12462937062937061 0.13148629148629148 0.12594560994560994 0.12747569097569098 0.12704978354978352 0.14284271284271285 0.1422871572871573 0.13896031746031745 0.137531746031746 0.13283477633477633 0.14134992784992784 0.1383037518037518 0.14047691197691198 0.14508730158730157 0.14747619047619046 0.1306154401154401 0.11757187257187257 0.1238217893217893 0.11507647907647905 0.11687468087468085 0.11666161616161615 0.11765101565101566 0.11685159285159286 0.13326262626262628 0.12565367965367966 0.12944805194805195 0.12353413253413253 0.12655699855699856 0.12467099567099568 0.12232900432900431 0.12578860028860028 0.13388239538239535 0.13445238095238093 0.13507936507936505 0.1296291486291486 0.11949567099567097 0.12106060606060605 0.12086097236097235 0.12123953823953823 0.1183176823176823 0.11676906426906423 0.12757431457431456 0.12469408369408366 0.13311277611277608 0.12636002886002884 0.12865367965367963 0.13091558441558443 0.13175346875346874 0.14284487734487733 0.12423110223110223 0.1429374514374514 0.13079653679653677 0.1354453879453879 0.1232878787878788 0.1265743145743146 0.12270873570873571 0.13358513708513708 0.12750288600288598 0.12140909090909088 0.11917649017649018

Best Fitness Control:
0.14492207792207792 0.14492207792207792 0.14492207792207792 0.14492207792207792 0.14492207792207792 0.14492207792207792 0.14492207792207792 0.14492207792207792 0.14492207792207792 0.14492207792207792 0.14492207792207792 0.14492207792207792 0.14492207792207792 0.14492207792207792 0.14492207792207792 0.14492207792207792 0.14492207792207792 0.14492207792207792 0.14492207792207792 0.14492207792207792 0.12858225108225108 0.12858225108225108 0.12858225108225108 0.12858225108225108 0.12858225108225108 0.12858225108225108 0.12858225108225108 0.12858225108225108 0.12858225108225108 0.12858225108225108 0.12858225108225108 0.12858225108225108 0.12858225108225108 0.12858225108225108 0.12858225108225108 0.12858225108225108 0.12858225108225108 0.12858225108225108 0.12858225108225108 0.12858225108225108 0.12242951492951493 0.12242951492951493 0.12242951492951493 0.12242951492951493 0.12242951492951493 0.12242951492951493 0.12242951492951493 0.12242951492951493 0.12242951492951493 0.12242951492951493 0.12242951492951493 0.12242951492951493 0.12242951492951493 0.12242951492951493 0.12242951492951493 0.12242951492951493 0.12242951492951493 0.12242951492951493 0.12242951492951493 0.12242951492951493 0.12793817293817292 0.12793817293817292 0.12793817293817292 0.12793817293817292 0.12793817293817292 0.12793817293817292 0.12793817293817292 0.12793817293817292 0.12793817293817292 0.12793817293817292 0.12793817293817292 0.12793817293817292 0.12793817293817292 0.12793817293817292 0.12793817293817292 0.12793817293817292 0.12793817293817292 0.12793817293817292 0.12793817293817292 0.12793817293817292 0.12057503607503607 0.12057503607503607 0.12057503607503607 0.12057503607503607 0.12057503607503607 0.12057503607503607 0.12057503607503607 0.12057503607503607 0.12057503607503607 0.12057503607503607 0.12057503607503607 0.12057503607503607 0.12057503607503607 0.12057503607503607 0.12057503607503607 0.12057503607503607 0.12057503607503607 0.12057503607503607 0.12057503607503607 0.12057503607503607
