Best chromosomes:
{'chromosome': array([232, 150,   2, 232,   2, 232, 212, 193, 150, 212, 232, 232, 193,
       212, 232, 150, 232,   2, 212, 150, 212, 232, 212,   2, 212]), 'input_locations': [0, 10, 15, 20, 5], 'output_locations': [0, 10, 15, 20, 5]}{'chromosome': array([232, 150,   2, 232,   2, 232, 212, 193, 150, 212, 232, 232, 193,
       212, 232, 150, 232,   2, 212, 150, 212, 232, 212,   2, 212]), 'input_locations': [10, 15, 20, 2, 5], 'output_locations': [10, 15, 20, 0, 5]}
{'chromosome': array([232, 150,   2, 232,   2, 232, 212, 193, 150, 212, 232, 232, 193,
       212, 232, 150, 232,   2, 212, 150, 212, 232, 212,   2, 212]), 'input_locations': [10, 15, 20, 2, 5], 'output_locations': [10, 15, 20, 0, 5]}
{'chromosome': array([232, 150,   2, 232,   2, 232, 212, 193, 150, 212, 232, 232, 193,
       212, 232, 150, 232,   2, 212, 150, 212, 232, 212,   2, 212]), 'input_locations': [10, 15, 20, 2, 5], 'output_locations': [10, 15, 20, 0, 5]}
{'chromosome': array([232, 150,   2, 232,   2, 232, 212, 193, 150, 212, 232, 232, 193,
       212, 232, 150, 232,   2, 212, 150, 212, 232, 212,   2, 212]), 'input_locations': [10, 15, 20, 2, 5], 'output_locations': [10, 15, 20, 0, 5]}
{'chromosome': array([232, 150,   2, 232,   2, 232, 212, 193, 150, 212, 232, 232, 193,
       212, 232, 150, 232,   2, 212, 150, 212, 232, 212,   2, 212]), 'input_locations': [10, 15, 20, 2, 5], 'output_locations': [10, 15, 20, 0, 5]}
{'chromosome': array([232, 150,   2, 232,   2, 232, 212, 193, 150, 212, 232, 232, 193,
       212, 232, 150, 232,   2, 212, 150, 212, 232, 212,   2, 212]), 'input_locations': [10, 15, 20, 2, 5], 'output_locations': [10, 15, 20, 0, 5]}
{'chromosome': array([232, 150,   2, 232,   2, 232, 212, 193, 150, 212, 232, 232, 193,
       212, 232, 150, 232,   2, 212, 150, 212, 232, 212,   2, 212]), 'input_locations': [10, 15, 20, 2, 21], 'output_locations': [10, 15, 20, 0, 5]}
{'chromosome': array([232, 150,   2, 232,   2, 232, 212, 193, 150, 212, 232, 232, 193,
       212, 232, 150, 232,   2, 212, 150, 212, 232, 212,   2, 212]), 'input_locations': [10, 15, 20, 2, 21], 'output_locations': [10, 15, 20, 0, 5]}
{'chromosome': array([232, 150,   2, 232,   2, 232, 212, 193, 150, 212, 232, 232, 193,
       212, 232, 150, 232,   2, 212, 150, 212, 232, 212,   2, 212]), 'input_locations': [10, 15, 20, 2, 21], 'output_locations': [10, 15, 20, 0, 5]}
{'chromosome': array([232, 150,   2, 232,   2, 232, 212, 193, 150, 212, 232, 232, 193,
       212, 232, 150, 232,   2, 212, 150, 212, 232, 212,   2, 212]), 'input_locations': [10, 15, 20, 2, 21], 'output_locations': [10, 15, 20, 0, 5]}
{'chromosome': array([232, 150,   2, 232,   2, 232, 212, 193, 150, 212, 232, 232, 193,
       212, 232, 150, 232,   2, 212, 150, 212, 232, 212,   2, 212]), 'input_locations': [10, 15, 20, 2, 21], 'output_locations': [10, 15, 20, 0, 5]}
{'chromosome': array([232, 150,   2, 232,   2, 232, 212, 193, 150, 212, 232, 232, 193,
       212, 232, 150, 232,   2, 212, 150, 212, 232, 212,   2, 212]), 'input_locations': [10, 15, 20, 2, 21], 'output_locations': [10, 15, 20, 0, 5]}
{'chromosome': array([232, 150,   2, 232,   2, 232, 212, 193, 150, 212, 232, 232, 193,
       212, 232, 150, 232,   2, 212, 150, 212, 232, 212,   2, 212]), 'input_locations': [10, 15, 20, 2, 21], 'output_locations': [10, 15, 20, 0, 5]}
{'chromosome': array([232, 150,   2, 232,   2, 232, 212, 193, 150, 212, 232, 232, 193,
       212, 232, 150, 232,   2, 212, 150, 212, 232, 212,   2, 212]), 'input_locations': [10, 15, 20, 2, 21], 'output_locations': [10, 15, 20, 0, 5]}
{'chromosome': array([232, 150,   2, 232,   2, 232, 212, 193, 150, 212, 232, 232, 193,
       212, 232, 150, 232,   2, 212, 150, 212, 232, 212,   2, 212]), 'input_locations': [10, 15, 20, 2, 21], 'output_locations': [10, 15, 20, 0, 5]}
{'chromosome': array([232, 150,   2, 232,   2, 232, 212, 193, 150, 212, 232, 232, 193,
       212, 232, 150, 232,   2, 212, 150, 212, 232, 212,   2, 212]), 'input_locations': [10, 15, 20, 2, 21], 'output_locations': [10, 15, 20, 0, 5]}
{'chromosome': array([232, 150,   2, 232,   2, 232, 212, 193, 150, 212, 232, 232, 193,
       212, 232, 150, 232,   2, 212, 150, 212, 232, 212,   2, 212]), 'input_locations': [10, 15, 20, 2, 21], 'output_locations': [10, 15, 20, 0, 5]}
{'chromosome': array([232, 150,   2, 232,   2, 232, 212, 193, 150, 212, 232, 232, 193,
       212, 232, 150, 232,   2, 212, 150, 212, 232, 212,   2, 212]), 'input_locations': [10, 15, 20, 2, 21], 'output_locations': [10, 15, 20, 0, 5]}
{'chromosome': array([232, 150,   2, 232,   2, 232, 212, 193, 150, 212, 232, 232, 193,
       212, 232, 150, 232,   2, 212, 150, 212, 232, 212,   2, 212]), 'input_locations': [10, 15, 20, 2, 21], 'output_locations': [10, 15, 20, 0, 5]}
{'chromosome': array([232, 150,   2, 232,   2, 232, 212, 193, 150, 212, 232, 232, 193,
       212, 232, 150, 232,   2, 212, 150, 212, 232, 212,   2, 212]), 'input_locations': [10, 15, 20, 2, 21], 'output_locations': [10, 15, 20, 0, 5]}
{'chromosome': array([232, 150,   2, 232,   2, 232, 212, 193, 150, 212, 232, 232, 193,
       212, 232, 150, 232,   2, 212, 150, 212, 232, 212,   2, 212]), 'input_locations': [10, 15, 20, 2, 21], 'output_locations': [10, 15, 20, 0, 5]}
