Best chromosomes:
{'chromosome': array([130,  32,  77, 106,  72, 100,   1, 223, 102,  79, 250,  20, 194,
        38,  63, 111, 146,  69,  30, 170, 199,  70, 243, 177, 151]), 'input_locations': [0, 9, 3, 3, 5, 8, 9, 10, 17, 18, 19, 16, 21, 23], 'output_locations': [0, 9, 3, 3, 5, 8, 9, 10, 17, 18, 19, 16, 21, 23]}{'chromosome': array([ 14,  42, 147, 225, 104, 149, 130, 133, 253, 147, 168,  11,  59,
       130,  72, 243,  22, 215,  65, 132,  41, 176, 247, 171, 117]), 'input_locations': [6, 0, 15, 3, 8, 11, 3, 14, 19, 4, 21, 16, 17, 16], 'output_locations': [6, 0, 15, 3, 8, 11, 3, 14, 19, 4, 21, 16, 17, 16]}
{'chromosome': array([ 21, 146,  51,  30,   2,  74, 211, 114, 107, 187, 195,  66, 164,
        74, 238, 121, 184, 232, 223, 191, 193,  20, 215, 194, 136]), 'input_locations': [7, 3, 8, 11, 10, 5, 3, 12, 0, 21, 19, 17, 16, 3], 'output_locations': [7, 3, 8, 11, 10, 5, 3, 12, 0, 21, 19, 17, 16, 3]}
{'chromosome': array([ 14, 170, 147, 225, 104, 149, 130, 133, 253, 147, 232,  11, 187,
       194,  72, 247,  22, 215,  65, 133,  41, 148, 246, 171, 245]), 'input_locations': [4, 0, 7, 5, 9, 16, 21, 15, 1, 12, 23, 0, 1, 8], 'output_locations': [4, 0, 7, 5, 9, 16, 21, 15, 1, 12, 23, 0, 1, 8]}
{'chromosome': array([ 12, 170, 147,  97,  64, 149, 130, 133, 252, 155, 233,  75, 139,
       194,  72, 247,  86, 215,  73, 133,  41, 148, 246, 171, 245]), 'input_locations': [7, 16, 15, 5, 11, 20, 5, 15, 3, 12, 23, 4, 14, 9], 'output_locations': [7, 16, 15, 5, 11, 20, 5, 15, 3, 12, 23, 4, 14, 9]}
{'chromosome': array([ 12, 170, 147,  97,  72, 213, 130, 133, 252, 217, 233,  75, 203,
       192,  72, 247,  86, 215,  67, 133,   9, 144, 246, 171, 245]), 'input_locations': [7, 9, 11, 4, 10, 20, 5, 6, 5, 12, 18, 4, 18, 13], 'output_locations': [7, 9, 11, 4, 10, 20, 5, 6, 5, 12, 18, 4, 18, 13]}
{'chromosome': array([ 14, 174, 131,  97,   8, 213, 130, 133, 252, 221, 232,  73, 203,
       192, 104, 247,  86, 215,  65, 133,   9,  16, 242, 139, 245]), 'input_locations': [5, 8, 11, 4, 19, 20, 1, 22, 23, 0, 22, 4, 16, 12], 'output_locations': [5, 8, 11, 4, 19, 20, 1, 22, 23, 0, 22, 4, 16, 12]}
{'chromosome': array([  6, 174, 203,  97,   8, 213, 130, 133, 252, 221, 104, 121, 203,
       192, 104, 247,  86, 213,  65,   5,  11,  20, 242, 169, 245]), 'input_locations': [4, 12, 11, 5, 5, 21, 3, 20, 15, 8, 18, 13, 16, 4], 'output_locations': [4, 12, 11, 5, 5, 21, 3, 20, 15, 8, 18, 13, 16, 4]}
{'chromosome': array([  6, 174, 203,  97,  56, 213, 130, 133, 252, 221,  40, 121, 203,
        64,  72, 247,  86, 212,  65,   5,  27,  20, 214, 169, 117]), 'input_locations': [4, 12, 9, 19, 1, 23, 1, 20, 15, 8, 18, 9, 16, 4], 'output_locations': [4, 12, 9, 19, 1, 23, 1, 20, 15, 8, 18, 9, 16, 4]}
{'chromosome': array([  6, 142, 203,  97,  57, 213, 130, 133, 252,  93,  40, 249, 239,
        64,  72, 247,  86, 212,  65,   5,  27,  20, 214, 169, 117]), 'input_locations': [21, 4, 9, 5, 2, 5, 11, 20, 11, 9, 2, 9, 18, 16], 'output_locations': [21, 4, 9, 5, 2, 5, 11, 20, 11, 9, 2, 9, 18, 16]}
{'chromosome': array([ 22, 142, 203, 105,  41, 213, 130, 133, 124, 221,  40, 251, 207,
        80, 200, 247,  86, 212,  65,   5,  27,  20, 214, 161, 117]), 'input_locations': [17, 4, 1, 23, 16, 21, 9, 12, 11, 3, 15, 17, 19, 16], 'output_locations': [17, 4, 1, 23, 16, 21, 9, 12, 11, 3, 15, 17, 19, 16]}
{'chromosome': array([ 55, 142, 207, 233,  41, 213, 130, 129, 124, 221,  56, 251, 207,
        80, 204, 247,  86, 244,  65,   5,  27, 148, 214, 160, 117]), 'input_locations': [18, 6, 4, 23, 2, 20, 1, 15, 11, 25, 13, 1, 3, 18], 'output_locations': [18, 6, 4, 23, 2, 20, 1, 15, 11, 25, 13, 1, 3, 18]}
